1000
(377, 202)
(968, 665)
(939, 944)
(981, 26)
(878, 261)
(751, 66)
(517, 81)
(203, 732)
(499, 731)
(243, 239)
(162, 896)
(211, 825)
(109, 510)
(792, 534)
(635, 255)
(375, 845)
(446, 370)
(252, 850)
(47, 283)
(586, 491)
(569, 433)
(956, 555)
(251, 558)
(732, 874)
(46, 216)
(555, 438)
(429, 176)
(382, 444)
(131, 518)
(657, 112)
(207, 933)
(888, 757)
(913, 593)
(187, 598)
(392, 196)
(38, 595)
(188, 742)
(376, 457)
(745, 110)
(512, 245)
(340, 757)
(819, 484)
(717, 827)
(538, 447)
(259, 808)
(891, 941)
(417, 755)
(287, 792)
(408, 664)
(545, 115)
(534, 198)
(597, 236)
(825, 808)
(607, 970)
(279, 441)
(680, 760)
(403, 883)
(335, 116)
(99, 244)
(193, 910)
(282, 133)
(317, 727)
(518, 802)
(457, 529)
(60, 827)
(668, 238)
(366, 675)
(962, 857)
(113, 196)
(468, 592)
(996, 331)
(335, 876)
(438, 450)
(979, 284)
(846, 944)
(740, 147)
(189, 167)
(718, 19)
(959, 903)
(857, 696)
(135, 103)
(689, 673)
(254, 253)
(855, 745)
(865, 28)
(800, 415)
(162, 357)
(221, 528)
(79, 858)
(742, 499)
(539, 439)
(730, 56)
(402, 557)
(362, 715)
(49, 102)
(745, 276)
(488, 779)
(623, 138)
(769, 751)
(505, 76)
(920, 601)
(44, 159)
(338, 742)
(589, 274)
(362, 308)
(394, 530)
(282, 107)
(806, 478)
(245, 945)
(70, 696)
(657, 654)
(431, 955)
(334, 842)
(460, 974)
(533, 768)
(535, 223)
(862, 392)
(741, 276)
(623, 360)
(53, 773)
(868, 643)
(698, 939)
(228, 661)
(174, 279)
(606, 909)
(437, 825)
(433, 712)
(421, 991)
(376, 882)
(519, 909)
(711, 408)
(391, 423)
(212, 715)
(638, 892)
(299, 599)
(92, 27)
(447, 569)
(930, 751)
(381, 516)
(593, 752)
(331, 530)
(487, 878)
(45, 354)
(303, 547)
(545, 208)
(159, 805)
(124, 642)
(338, 624)
(995, 361)
(133, 154)
(309, 100)
(940, 330)
(120, 160)
(500, 772)
(677, 324)
(215, 170)
(590, 391)
(106, 302)
(962, 793)
(978, 680)
(67, 987)
(215, 914)
(305, 527)
(810, 447)
(745, 141)
(731, 577)
(786, 697)
(440, 839)
(55, 988)
(273, 861)
(909, 57)
(885, 247)
(515, 341)
(243, 687)
(338, 893)
(589, 50)
(737, 348)
(622, 661)
(59, 133)
(802, 898)
(917, 300)
(396, 907)
(420, 619)
(28, 785)
(21, 117)
(737, 26)
(754, 527)
(342, 716)
(829, 63)
(152, 570)
(651, 470)
(405, 925)
(825, 442)
(262, 579)
(431, 925)
(267, 916)
(664, 738)
(799, 514)
(968, 700)
(299, 472)
(192, 841)
(165, 284)
(793, 373)
(659, 963)
(582, 933)
(331, 231)
(765, 700)
(37, 127)
(835, 89)
(205, 993)
(918, 13)
(273, 135)
(155, 405)
(797, 234)
(925, 512)
(697, 730)
(653, 529)
(819, 760)
(537, 27)
(295, 752)
(825, 514)
(729, 405)
(639, 190)
(734, 134)
(130, 48)
(751, 150)
(434, 419)
(709, 325)
(220, 779)
(670, 79)
(535, 438)
(678, 63)
(350, 523)
(283, 753)
(25, 686)
(215, 512)
(254, 144)
(611, 550)
(422, 664)
(890, 857)
(328, 335)
(789, 121)
(492, 589)
(864, 19)
(365, 879)
(338, 827)
(786, 657)
(604, 757)
(952, 14)
(678, 281)
(90, 606)
(950, 420)
(612, 886)
(276, 495)
(557, 832)
(48, 516)
(379, 399)
(986, 515)
(495, 74)
(377, 590)
(295, 60)
(694, 384)
(25, 265)
(458, 393)
(756, 301)
(139, 874)
(397, 439)
(181, 506)
(951, 880)
(517, 580)
(756, 867)
(622, 755)
(341, 92)
(234, 908)
(409, 140)
(704, 914)
(115, 453)
(821, 273)
(34, 101)
(758, 650)
(425, 88)
(823, 679)
(180, 987)
(650, 290)
(652, 514)
(801, 405)
(345, 747)
(354, 72)
(760, 518)
(316, 330)
(348, 713)
(888, 933)
(419, 218)
(182, 181)
(678, 797)
(829, 469)
(586, 359)
(484, 421)
(888, 219)
(71, 705)
(100, 845)
(309, 233)
(375, 878)
(382, 139)
(970, 600)
(247, 314)
(93, 931)
(304, 25)
(795, 296)
(849, 144)
(228, 670)
(571, 61)
(613, 649)
(437, 953)
(713, 110)
(943, 376)
(850, 312)
(854, 972)
(648, 821)
(602, 259)
(976, 354)
(335, 128)
(87, 405)
(695, 730)
(428, 208)
(968, 881)
(518, 101)
(63, 193)
(437, 281)
(317, 39)
(667, 814)
(86, 772)
(49, 249)
(770, 418)
(939, 655)
(100, 319)
(32, 808)
(273, 210)
(626, 55)
(904, 398)
(174, 458)
(759, 165)
(424, 66)
(722, 153)
(859, 718)
(106, 430)
(709, 501)
(630, 925)
(424, 209)
(666, 135)
(250, 935)
(863, 611)
(874, 34)
(55, 825)
(730, 635)
(885, 662)
(900, 687)
(317, 852)
(867, 875)
(134, 341)
(935, 964)
(88, 269)
(401, 442)
(89, 264)
(890, 417)
(18, 610)
(340, 856)
(948, 802)
(702, 354)
(333, 49)
(192, 624)
(574, 95)
(501, 490)
(128, 521)
(177, 525)
(168, 282)
(166, 773)
(402, 746)
(362, 831)
(906, 828)
(331, 158)
(953, 836)
(812, 205)
(934, 252)
(322, 594)
(608, 741)
(434, 607)
(593, 397)
(878, 553)
(75, 505)
(609, 734)
(623, 881)
(968, 57)
(655, 237)
(53, 986)
(58, 756)
(134, 683)
(49, 925)
(727, 843)
(345, 83)
(653, 495)
(899, 138)
(191, 397)
(605, 226)
(54, 872)
(47, 275)
(120, 907)
(758, 84)
(813, 877)
(28, 247)
(176, 643)
(349, 234)
(709, 531)
(799, 657)
(990, 691)
(418, 549)
(887, 269)
(491, 748)
(157, 272)
(422, 942)
(762, 111)
(757, 758)
(190, 451)
(755, 849)
(819, 386)
(127, 781)
(186, 485)
(343, 390)
(456, 250)
(948, 507)
(95, 139)
(530, 249)
(351, 457)
(475, 792)
(100, 306)
(593, 672)
(326, 746)
(27, 399)
(204, 716)
(181, 328)
(910, 538)
(909, 562)
(88, 333)
(744, 200)
(745, 959)
(525, 500)
(859, 834)
(105, 864)
(998, 551)
(386, 498)
(198, 747)
(484, 497)
(281, 666)
(712, 233)
(572, 943)
(218, 126)
(187, 708)
(450, 438)
(357, 569)
(24, 162)
(684, 389)
(121, 350)
(56, 305)
(104, 363)
(763, 614)
(850, 977)
(843, 398)
(407, 602)
(846, 534)
(719, 600)
(307, 743)
(109, 326)
(582, 468)
(56, 183)
(393, 389)
(389, 124)
(563, 276)
(448, 834)
(810, 105)
(923, 118)
(546, 688)
(416, 410)
(239, 249)
(129, 432)
(924, 790)
(661, 291)
(640, 561)
(73, 811)
(216, 300)
(833, 874)
(202, 672)
(12, 508)
(240, 807)
(273, 82)
(973, 162)
(163, 428)
(958, 259)
(774, 193)
(993, 488)
(983, 85)
(894, 805)
(181, 646)
(815, 228)
(586, 925)
(689, 878)
(136, 293)
(831, 714)
(598, 482)
(443, 404)
(777, 270)
(852, 387)
(460, 160)
(826, 567)
(978, 962)
(750, 223)
(386, 510)
(424, 224)
(157, 277)
(765, 863)
(90, 357)
(707, 969)
(571, 689)
(81, 912)
(133, 350)
(626, 77)
(75, 465)
(115, 50)
(408, 413)
(422, 701)
(649, 981)
(32, 371)
(55, 311)
(306, 785)
(921, 743)
(815, 705)
(523, 285)
(470, 637)
(18, 936)
(479, 821)
(647, 904)
(864, 284)
(665, 400)
(138, 395)
(555, 299)
(503, 744)
(527, 124)
(679, 158)
(501, 970)
(398, 128)
(264, 455)
(650, 538)
(502, 299)
(42, 225)
(181, 972)
(468, 240)
(16, 870)
(456, 771)
(18, 707)
(345, 933)
(749, 324)
(290, 427)
(973, 645)
(477, 245)
(831, 794)
(347, 976)
(820, 62)
(576, 459)
(244, 224)
(928, 325)
(686, 128)
(574, 720)
(936, 511)
(37, 769)
(829, 516)
(164, 671)
(599, 568)
(121, 617)
(250, 402)
(988, 120)
(501, 53)
(850, 121)
(856, 92)
(539, 792)
(485, 689)
(934, 321)
(448, 749)
(828, 438)
(68, 206)
(37, 179)
(681, 554)
(442, 904)
(63, 150)
(404, 380)
(409, 429)
(62, 734)
(292, 226)
(714, 317)
(89, 776)
(993, 542)
(657, 494)
(463, 496)
(236, 136)
(890, 623)
(869, 163)
(459, 185)
(822, 98)
(344, 327)
(336, 676)
(194, 542)
(111, 96)
(963, 916)
(933, 792)
(511, 876)
(296, 339)
(838, 534)
(184, 523)
(430, 258)
(305, 37)
(303, 566)
(274, 995)
(185, 767)
(321, 986)
(46, 868)
(218, 822)
(416, 141)
(741, 530)
(478, 375)
(458, 659)
(395, 320)
(425, 61)
(167, 562)
(884, 137)
(446, 798)
(691, 237)
(821, 460)
(603, 150)
(248, 862)
(763, 436)
(510, 928)
(795, 568)
(963, 887)
(955, 505)
(163, 756)
(334, 632)
(847, 661)
(920, 985)
(543, 219)
(513, 72)
(124, 577)
(903, 465)
(935, 541)
(885, 658)
(671, 128)
(230, 659)
(520, 952)
(152, 61)
(327, 890)
(439, 604)
(596, 674)
(403, 891)
(898, 449)
(409, 537)
(917, 99)
(803, 828)
(53, 389)
(70, 471)
(281, 21)
(382, 370)
(346, 281)
(447, 892)
(374, 692)
(835, 24)
(674, 563)
(282, 411)
(218, 58)
(538, 951)
(189, 191)
(595, 270)
(360, 94)
(909, 232)
(448, 73)
(601, 437)
(529, 432)
(56, 916)
(408, 743)
(213, 502)
(369, 829)
(274, 366)
(24, 463)
(874, 786)
(942, 493)
(56, 718)
(881, 853)
(478, 555)
(198, 663)
(422, 909)
(383, 95)
(558, 520)
(858, 591)
(729, 529)
(692, 643)
(666, 413)
(792, 667)
(949, 130)
(504, 346)
(70, 586)
(842, 850)
(306, 46)
(606, 575)
(660, 521)
(252, 955)
(68, 670)
(585, 505)
(10, 927)
(431, 246)
(836, 988)
(164, 39)
(893, 200)
(862, 259)
(245, 444)
(603, 57)
(308, 203)
(92, 648)
(973, 966)
(16, 118)
(755, 354)
(903, 927)
(930, 165)
(215, 941)
(878, 215)
(765, 668)
(250, 730)
(627, 794)
(392, 608)
(440, 602)
(182, 467)
(875, 535)
(616, 990)
(673, 403)
(22, 967)
(385, 294)
(836, 341)
(524, 279)
(557, 650)
(456, 890)
(95, 481)
(543, 380)
(834, 506)
(958, 492)
(493, 418)
(238, 645)
(110, 455)
(687, 64)
(757, 349)
(238, 614)
(22, 68)
(978, 829)
(479, 845)
(158, 293)
(298, 803)
(167, 738)
(269, 65)
(172, 52)
(370, 591)
(339, 177)
(594, 603)
(467, 305)
(286, 668)
(466, 819)
(877, 169)
(723, 23)
(20, 146)
(540, 902)
(596, 558)
(506, 463)
(213, 218)
(78, 670)
(979, 432)
(91, 344)
(924, 375)
(921, 793)
(455, 153)
(957, 235)
(331, 474)
(92, 84)
(412, 76)
(178, 75)
(772, 830)
(581, 579)
(812, 47)
(837, 202)
(358, 296)
(645, 912)
(533, 288)
(110, 772)
(847, 286)
(962, 469)
(490, 723)
(454, 636)
(514, 518)
(320, 624)
(104, 882)
(789, 880)
(22, 614)
(538, 266)
(700, 647)
(989, 176)
(457, 775)
(186, 207)
(957, 16)
(183, 690)
(526, 970)
(230, 391)
(145, 700)
(597, 571)
(127, 553)
(599, 299)
(573, 276)
(138, 876)
(590, 812)
(705, 168)
(508, 642)
(137, 875)
(575, 985)
(642, 678)
(705, 790)
(871, 559)
(445, 327)
(347, 914)
(674, 126)
(552, 981)
(825, 883)
(269, 784)
(459, 413)
(495, 892)
(196, 438)
(362, 90)
(682, 343)
(754, 959)
(311, 472)
(747, 83)
(723, 787)
(640, 879)
(100, 324)
(582, 511)
(837, 909)
(682, 18)
(388, 409)
(237, 989)
(405, 838)
(280, 470)
(85, 390)
(869, 316)
(587, 588)
(898, 920)
(427, 582)
(13, 374)
(735, 43)
(503, 508)
(900, 946)
(460, 231)
(822, 474)
(972, 172)
(180, 468)
(82, 952)
(802, 799)
(188, 833)
(330, 468)
(576, 388)
(636, 493)
(113, 205)
(544, 264)
(453, 631)
(816, 268)
(70, 402)
(290, 924)
(154, 701)
(666, 189)
(232, 181)
(397, 26)
(254, 893)
(949, 643)
(796, 406)
(538, 229)
(830, 511)
(499, 394)
(556, 348)
(518, 687)
(957, 133)
(947, 116)
(54, 714)
(269, 268)
(781, 780)
(368, 516)
(88, 742)
(859, 371)
(950, 485)
(391, 606)
(298, 884)
(413, 643)
(761, 584)
(798, 57)
(75, 262)
(447, 842)
(664, 361)
(388, 683)
(52, 889)
(716, 160)
(766, 386)
(436, 244)
(671, 911)
(249, 620)
(504, 890)
(331, 832)
(29, 673)
(309, 62)
(693, 190)
(896, 806)
(573, 941)
(931, 349)
(264, 38)
(702, 420)
(452, 980)
(549, 450)
(853, 295)
(163, 942)
(649, 423)
(792, 598)
(219, 289)
(653, 237)
(88, 711)
(457, 112)
(723, 994)
(288, 720)
(22, 317)
(15, 649)
(341, 977)
(836, 564)
(673, 254)
(691, 203)
(710, 37)
(331, 781)
(713, 749)
(948, 502)
(287, 690)
(572, 94)
(441, 818)
(807, 443)
(139, 222)
(438, 888)
(279, 392)
(963, 286)
(89, 519)
(109, 294)
(352, 139)
(309, 965)
(158, 165)
(405, 774)
(785, 753)
(716, 803)
(815, 108)
(598, 340)
(888, 19)
(410, 376)
(636, 656)
(349, 937)
(368, 931)
(453, 881)
(175, 835)
(64, 807)
(12, 575)
(804, 780)
(963, 60)
(438, 360)
(430, 194)
(612, 33)
(795, 963)
(410, 761)
(635, 605)
(305, 82)
(445, 914)
(258, 572)
(304, 41)
(241, 286)
(99, 892)
(194, 140)
(311, 859)
(174, 169)
(377, 331)
(273, 777)
(138, 394)
(887, 171)
(729, 472)
(344, 634)
(73, 28)
(581, 749)
(596, 957)
(83, 537)
(717, 607)
(195, 68)

222
407
387
313
420
455
221
218
473
172
122
315
455
499
289
384
397
149
211
109
451
394
446
106
226
132
171
145
479
212
327
113
295
203
381
307
379
329
315
306
110
228
168
246
477
220
187
154
177
320
134
382
191
445
335
473
120
371
477
240
459
168
119
261
439
428
146
361
273
169
269
103
131
438
352
402
310
274
485
353
476
154
299
109
445
131
241
270
368
345
352
120
320
384
455
368
140
323
104
303
134
485
161
290
213
102
243
252
266
400
308
113
354
117
142
227
264
431
423
233
470
438
348
130
308
458
222
389
486
391
208
136
361
254
382
188
210
303
160
312
335
238
261
408
471
262
245
321
410
139
392
173
307
176
152
327
281
320
210
240
413
209
452
400
394
340
468
116
163
112
398
404
472
485
426
187
342
132
222
413
255
363
483
351
238
111
106
349
122
141
273
299
392
335
184
471
196
103
210
402
299
106
300
223
240
308
196
472
337
368
191
294
450
209
192
244
356
486
464
400
250
407
447
261
390
108
352
106
477
449
324
488
404
483
283
199
260
251
249
336
158
170
230
115
120
156
327
107
283
132
493
448
129
174
169
302
453
363
201
318
276
442
159
486
214
481
343
130
169
181
481
244
250
206
133
298
306
333
430
191
105
335
298
200
390
457
418
449
359
307
424
127
310
282
405
354
239
143
235
144
223
158
243
495
233
220
410
363
148
260
280
189
229
462
498
166
343
171
191
335
177
294
238
468
231
216
350
365
160
419
360
173
333
364
169
432
287
319
222
177
271
447
410
263
269
116
321
227
426
352
241
125
222
266
326
128
406
155
207
128
477
118
352
233
203
207
112
378
310
230
262
123
425
343
359
207
220
169
214
364
229
305
351
381
381
115
419
421
151
285
106
102
456
422
233
169
440
303
460
345
427
262
477
367
100
268
287
381
161
101
211
236
151
486
404
125
481
341
187
266
146
232
325
474
148
178
384
259
186
368
201
222
363
252
260
430
459
223
459
421
241
256
292
452
252
354
242
345
198
435
134
330
484
301
449
288
301
186
164
471
350
397
377
473
351
290
106
109
289
154
496
422
116
236
167
435
152
106
482
194
266
134
156
226
329
480
324
300
264
184
100
460
133
179
239
428
123
164
466
488
106
380
475
200
376
191
338
260
392
323
229
195
381
484
488
286
499
130
377
204
185
478
352
382
338
176
114
240
244
363
325
290
221
253
228
170
335
445
371
279
203
117
237
402
105
478
120
464
304
224
324
239
106
330
140
146
180
431
247
429
291
229
467
136
411
477
481
436
313
194
492
222
461
244
390
437
279
499
344
280
263
227
289
484
483
103
438
237
333
150
444
177
261
108
153
138
253
145
224
222
476
455
218
459
373
441
327
320
292
360
124
323
258
273
449
419
244
473
224
140
488
284
432
446
191
396
364
487
257
235
209
440
293
361
419
178
215
395
302
211
336
448
334
469
404
225
106
191
139
145
209
128
319
200
340
476
119
253
355
294
368
410
189
441
492
148
127
325
486
360
496
119
198
270
428
241
303
453
140
328
400
141
242
109
255
477
158
258
330
112
128
216
192
113
497
314
195
431
269
392
239
219
477
466
262
418
468
382
219
498
379
123
214
363
142
306
489
258
171
147
171
469
113
174
250
319
407
198
109
471
276
295
262
263
478
388
441
140
363
472
233
492
210
125
497
166
285
131
215
161
287
467
114
197
131
184
311
254
307
175
464
464
244
133
233
152
101
241
133
332
452
321
126
120
256
316
317
120
458
313
199
284
372
356
284
335
467
254
499
173
455
210
493
179
326
183
394
395
325
478
245
260
272
116
115
179
359
459
267
132
314
348
298
111
359
269
411
405
478
211
274
333
285
293
385
130
135
168
488
446
136
181
435
305
320
437
160
119
490
482
186
158
428
355
310
370
257
277
305
452
406
431
102
398
458
127
265
467
253
444
456
143
478
488
218
396
183
375
198
248
229
401
471
437
257
224
204
280
443
470
250
246
482
417
252
273
382
253
405
321
451
219
416
497
141
172
133
468
323
430
395
220
378
221
341
212
305
490
416
333
430
268
354
144
368
273
375
231
267
263
293
440
394
253
467
176
327
240
211
386
155
343
268
446
175
301
492
458
285
299
279
249
130
307
353
211
226
120
477
274
153
165
250
414
235
470
499
394
208
176
457
128
259
304
252
299
387
240
420
432
267
154
189
240
407
377
416
349
161
457
431
484
314
369
273
426
377
135
118
107
417
429
360
299
227
422
298
352
307
413