100
95 198
111 173
149 2
171 131
45 177
119 64
197 34
49 17
50 84
120 116
184 52
59 87
62 123
71 128
89 191
82 14
131 159
71 158
20 70
162 185
162 164
38 38
20 190
92 162
137 144
68 159
71 157
11 145
62 60
46 117
88 52
62 21
176 31
47 21
81 62
114 27
73 16
8 28
20 47
11 176
92 194
167 163
27 110
109 186
182 144
161 133
71 126
59 49
151 142
98 25
194 154
55 183
39 126
53 127
130 66
144 184
101 34
155 123
166 43
100 81
85 194
12 120
184 184
193 128
151 197
197 138
76 147
191 108
128 95
178 67
117 3
171 155
26 170
74 26
56 182
52 55
167 175
184 15
106 59
112 152
94 166
128 86
45 76
138 108
154 28
95 52
144 185
6 197
191 39
71 13
81 21
46 44
84 197
167 171
96 40
20 173
35 63
67 41
137 133
16 115

75
93
69
8
62
20
14
17
40
88
83
92
13
99
10
42
79
33
28
9
69
5
8
62
23
54
76
53
29
37
7
31
58
21
22
46
15
65
95
60
5
20
94
79
6
74
6
3
78
51
13
64
2
58
75
85
23
28
31
5
27
60
97
43
47
44
31
5
78
26
47
29
98
59
11
42
19
46
41
76
56
25
70
62
37
98
29
56
95
72
86
92
92
73
90
89
14
48
34
12