100
95 -68
36 6
60 -100
42 82
-17 92
-46 80
-21 -81
65 61
-56 -58
-70 -73
-25 -40
-82 71
-75 8
74 -71
35 31
-13 89
65 73
7 84
-52 -18
60 62
-31 26
-40 -81
82 82
-10 60
-63 24
-50 -47
-57 -26
-14 -50
47 -100
-57 75
86 97
-76 68
42 83
-2 -21
-1 -68
-35 -61
4 -43
-67 -39
-8 64
-18 95
-31 55
-94 -74
64 -59
76 -35
12 -75
-90 18
-53 -85
-7 96
69 53
-34 57
-47 81
-56 15
-40 -42
-29 -86
28 -36
-82 88
-6 -62
-40 21
26 -7
-20 -88
-31 56
-64 -64
-91 74
80 42
49 40
91 26
82 -87
-10 92
95 36
82 -50
69 29
60 83
-49 25
-91 43
-55 -81
-82 -32
24 -73
-43 -15
-4 -77
-31 24
53 21
49 95
65 69
17 -38
26 -16
29 57
-21 -40
10 50
15 -99
-96 95
-43 -53
-28 -76
-86 13
18 14
35 42
92 52
-7 -50
-26 45
59 31
9 71

63
63
39
26
28
20
47
71
76
13
75
93
69
8
62
20
14
17
40
88
83
92
13
99
10
42
79
33
28
9
69
5
8
62
23
54
76
53
29
37
7
31
58
21
22
46
15
65
95
60
5
20
94
79
6
74
6
3
78
51
13
64
2
58
75
85
23
28
31
5
27
60
97
43
47
44
31
5
78
26
47
29
98
59
11
42
19
46
41
76
56
25
70
62
37
98
29
56
95
72