2000
567 1118
1088 1210
1013 1404
314 1603
1052 1430
1183 1590
1373 1997
111 1668
770 261
1102 1911
142 996
143 512
307 1655
531 1012
1958 1712
1980 739
1834 530
1528 1676
940 266
1775 975
1005 1611
1378 1641
1528 913
42 1171
1351 452
1044 1286
71 138
865 1002
670 321
1793 899
1776 1771
52 1910
379 1934
968 236
414 643
1004 507
1767 1158
554 1645
1565 191
1244 1195
81 1665
1046 1926
1044 776
1502 82
71 1346
352 278
726 1901
121 530
1167 756
877 1295
1731 1205
1181 759
1418 212
1450 1950
1145 895
284 1340
541 1856
874 153
384 1157
296 1765
1038 40
1516 1475
1366 448
876 129
987 475
1842 59
1369 333
209 1635
972 937
1233 543
1947 944
1578 1315
911 538
1324 1928
861 1649
1753 324
1769 702
219 1451
1717 44
851 1259
1224 591
72 120
1636 444
750 426
917 118
811 1276
598 1445
307 1570
1119 1496
400 889
755 385
664 320
688 1488
1207 735
1263 1091
610 555
648 671
832 1964
1217 1285
190 1424
1832 92
527 68
1979 1823
1466 781
383 1248
809 1542
515 987
1729 1855
1351 972
1242 512
655 288
1855 460
40 1193
1839 189
216 874
837 1374
1870 636
983 1427
1783 1808
795 1464
711 339
1384 1776
1331 1298
511 1641
1063 1873
1049 1193
591 652
1701 991
1960 1557
1926 1859
243 364
1514 833
1404 493
1832 1041
1291 552
399 998
552 264
1251 1234
1839 210
1862 154
746 1340
409 1943
303 492
568 392
386 158
543 1274
63 492
1702 820
1996 1392
181 1324
134 1832
1689 709
1226 1869
1047 584
354 1495
1158 1072
953 55
1968 70
1457 1299
994 1724
799 1252
1234 934
813 1661
52 1403
1165 549
1352 1663
501 1603
199 106
637 1979
1458 887
429 1611
248 1427
53 118
894 921
1849 831
982 44
1245 1770
1465 70
276 553
122 1546
1181 925
1843 1235
1481 1469
714 53
221 1911
254 1125
1880 1237
926 625
713 68
860 1228
496 1004
1076 940
1225 1454
1955 428
484 1948
947 1703
340 1026
1887 1971
1489 1694
946 1756
211 1654
228 1720
942 1236
195 1627
864 54
1075 1340
1383 1408
519 1338
1493 1751
1840 1883
1185 299
1017 342
1811 75
1769 1742
1840 1834
1524 1016
618 1068
1165 592
980 1611
1576 926
1427 1442
564 138
1687 719
472 279
879 681
792 1908
1482 407
1342 678
167 334
114 1110
645 1279
1541 1682
1821 1579
554 1935
1550 352
377 643
45 1354
1138 1460
341 24
1707 880
1854 570
1607 1089
1367 605
447 1488
1155 1791
1234 1116
1459 703
1960 291
414 1679
621 194
964 1811
1670 349
43 1244
1538 983
726 1577
235 1038
624 564
1835 303
1708 234
1142 287
53 1613
198 801
596 553
375 219
859 150
130 765
641 1905
1585 793
866 1861
908 1692
670 1944
841 59
1486 1520
1420 1298
657 1625
255 660
554 93
1380 193
1512 473
1225 1869
1647 1307
916 907
170 1522
1522 1815
737 437
1798 960
1598 616
572 271
1910 1234
1602 1366
421 309
1595 1855
208 1380
478 1571
1918 439
1424 577
456 914
291 230
1271 1304
297 537
1611 1959
1556 759
1651 1382
472 476
1891 224
1479 1402
23 489
448 1680
746 859
624 601
1653 145
129 481
1826 1722
739 1986
411 1748
1905 647
1502 104
533 1129
1052 1518
1662 80
490 1667
1636 1851
415 1196
468 1930
736 1962
1870 362
1544 173
213 1210
1501 978
332 313
1878 1616
102 1310
782 1934
1194 1539
1434 140
1253 1283
929 1808
698 1442
973 326
1678 1708
1382 89
301 1181
1313 1001
1479 726
660 315
312 1198
1411 914
55 117
22 1963
1289 1522
1057 1325
1498 962
377 282
1712 1231
1397 614
788 1861
110 1987
1824 1666
487 1711
776 1503
1957 1231
1883 1310
128 1148
1599 186
1157 430
1971 1689
1719 1755
1022 1543
1710 1617
555 516
1068 1601
283 550
262 1845
1853 684
808 306
482 849
448 161
1386 1672
359 437
1942 1629
343 460
143 147
1694 1051
521 1024
742 1512
1578 167
271 1578
1804 1809
836 1795
1333 1099
472 1643
1209 195
527 720
1835 1273
1023 1067
667 1704
1445 607
1914 1979
915 1424
499 849
1623 1661
150 976
1778 61
1317 1557
323 1843
549 789
515 80
731 491
136 1549
1723 411
677 1067
659 1149
1286 383
1727 1071
143 1866
42 1656
1364 394
559 1929
1893 574
222 698
279 1974
1499 1830
1620 960
863 598
1108 1459
732 1843
328 1559
1453 78
277 1500
1409 1202
1910 1259
309 1233
756 1457
564 1488
1633 1273
1888 1903
1854 195
734 1474
1966 434
1257 119
874 1301
1139 119
1703 1739
1982 210
897 414
1042 1708
544 26
1718 760
1871 1278
1638 437
447 1794
1404 1255
270 1858
548 864
1967 247
1587 1213
1510 139
890 118
1541 952
1593 1303
930 230
1512 757
1493 862
744 1406
108 1745
802 867
1980 320
784 1332
1174 139
664 832
1523 1268
668 453
1863 355
1404 388
513 109
748 1479
891 1598
465 1687
1495 940
674 1422
737 770
132 903
294 946
1090 755
466 869
814 1945
943 661
1845 1852
1985 1893
1824 159
1371 477
527 652
1732 101
1902 1869
778 1583
1911 76
1347 1284
1661 1424
54 1914
1363 571
723 1262
1715 859
1987 1727
1497 1947
1827 1798
1686 1249
1875 1931
1340 262
1811 1139
1248 722
272 1025
1290 1185
924 314
1116 551
1868 758
895 714
185 1136
1711 1206
576 698
1552 1545
337 1748
841 1271
378 1662
1523 716
690 768
484 844
359 1649
1978 1767
1356 445
39 386
834 435
1208 252
549 1062
1067 835
845 187
1840 956
760 732
389 1009
983 855
906 355
1028 348
1837 994
1015 898
1535 1474
1855 148
886 1674
189 1029
1746 120
188 1475
496 1334
1662 60
1470 1404
979 1347
1990 1878
984 1568
1288 1146
425 1792
1511 282
1227 1526
1664 835
999 1021
1350 90
105 524
1744 1996
1347 823
1111 1993
641 1554
1545 816
588 1200
1286 795
1963 1442
1020 576
1543 700
247 625
1192 1185
436 830
237 1595
1368 471
1369 463
1017 1813
1723 73
801 267
496 1316
190 1346
1993 1302
359 690
1741 1094
509 1015
1256 1104
1060 1921
1809 1156
781 299
268 821
1002 351
1244 831
987 1984
896 608
1006 688
68 615
1856 1524
274 888
1903 619
448 523
1192 1789
251 1547
290 495
697 1539
847 250
1532 511
1197 1647
312 1040
75 950
1771 119
1077 1733
1516 811
489 1944
1361 1615
1981 118
774 523
907 1116
378 200
1360 1593
115 1835
1859 1806
66 432
289 1337
250 1313
1089 1658
1181 757
1444 373
399 1137
1129 1869
504 1020
1043 666
719 1778
1459 23
1243 265
1250 1798
69 1753
1358 1102
1161 127
576 1571
1491 1409
1209 765
1961 1249
219 942
1728 660
1877 343
519 1991
41 1481
1247 1303
298 1929
223 1195
597 276
1627 55
361 98
236 140
1395 635
916 395
663 1365
1019 1547
1992 1468
536 297
632 1020
1590 780
62 1353
856 1030
1186 1502
1652 203
986 312
1909 1152
354 1480
157 939
593 123
1826 1275
956 1939
653 1878
201 757
1447 1176
554 179
542 778
1151 1133
1427 1728
443 769
372 515
46 1701
1517 260
1600 178
584 1561
1909 89
916 982
276 1186
983 323
1603 1500
550 760
1782 1254
1217 640
978 299
1131 243
466 1396
1913 453
1135 178
747 1967
734 1927
1486 520
1973 58
1849 593
211 1628
605 1758
914 1831
1162 981
268 700
1414 1998
1269 879
1113 984
765 1953
1911 794
773 27
1041 145
1370 121
202 551
491 1992
918 1231
1151 534
358 418
307 54
1964 1815
922 978
156 356
1386 1995
1311 493
1318 401
1979 457
1003 1036
1087 1983
1729 180
39 949
1610 401
1039 930
1154 529
1268 281
917 32
385 247
168 737
364 1307
1555 283
411 237
1004 1413
875 448
966 1817
124 175
935 1322
1713 695
1395 1655
258 421
1624 299
1255 1238
756 1742
1867 1933
778 1573
1353 288
906 430
1222 1559
73 902
80 1958
688 746
532 896
399 1756
95 1656
847 1383
1393 1198
1945 700
193 302
1344 778
1423 204
692 1881
344 861
1744 1477
159 584
406 1841
1932 679
1557 745
1981 1978
97 1759
539 1504
613 926
593 1714
640 1300
413 1524
96 838
524 1373
566 1537
251 34
179 257
405 1231
162 1492
1048 217
313 1877
1280 508
162 1008
875 1287
1474 619
795 300
525 123
1478 35
998 190
308 1298
463 379
1335 784
416 537
753 157
623 1205
1031 856
1213 1855
1077 42
1486 1186
1093 1028
1478 139
654 505
91 781
554 1711
1075 109
296 1596
985 1623
838 1043
1954 1364
966 345
1673 94
874 1820
1683 478
528 812
317 848
802 1244
1286 1094
1453 1808
338 1478
1005 1955
765 734
1245 1055
790 1839
256 1778
1720 951
125 1412
196 436
1857 703
564 564
1586 1872
1641 1291
1181 1156
1513 467
1316 189
1123 876
274 1219
1411 854
127 1097
312 92
1632 1292
317 1953
1658 838
170 41
1649 1042
1017 1502
1945 991
1212 23
1916 1059
1326 941
278 132
1242 1547
449 841
1913 938
1366 1435
1438 1443
524 1050
282 1373
125 1578
1502 1834
494 1077
1388 828
1723 733
1485 684
1455 1593
1188 1988
814 466
909 1372
1164 1079
723 1834
316 921
891 602
1304 1009
1524 852
1198 679
956 22
1450 1286
1510 597
1033 867
946 1776
1847 309
1420 1092
1653 1232
1889 1373
1503 574
1321 184
790 608
1930 1020
793 887
1266 1647
1887 836
1657 236
842 697
1084 563
1983 1547
1697 825
1327 1079
925 223
866 354
243 993
1279 970
692 365
177 293
1965 1859
1997 1981
620 1195
257 1962
992 675
1950 696
1256 1860
1168 742
483 1772
1316 1810
1326 966
1421 978
694 1761
1267 75
449 304
345 652
1073 569
29 1988
1545 192
348 1892
1749 821
37 624
201 1714
1606 336
1426 1090
1892 613
1159 1318
1451 316
1717 1678
269 1956
659 548
333 1752
1081 538
3037 1846
681 1163
308 838
455 1887
900 1247
351 672
1798 1577
1161 104
906 312
832 1079
978 1066
1740 1332
1863 1594
1580 556
474 739
475 1683
1012 1756
1386 1530
1479 406
250 806
881 868
954 152
794 1134
443 1140
1056 239
1990 1424
1167 399
251 733
512 289
1588 1780
1382 543
1380 1348
1388 1043
1852 161
602 1732
34 940
1133 300
624 137
435 1851
1694 694
888 750
1193 1874
218 1458
547 1131
905 146
731 221
1686 1123
436 300
1090 767
131 1674
245 23
1322 571
888 1419
1384 368
998 147
1278 876
1742 1776
217 1140
730 1296
1300 562
771 1050
1747 1002
1841 431
1899 1680
335 663
852 374
1835 1151
856 1943
820 1550
400 492
221 1318
842 66
185 1162
387 1571
635 1100
472 494
1818 1348
377 1891
176 1933
1119 550
1911 1503
1984 1401
580 77
1535 1751
488 1159
1484 842
539 54
1276 1681
1184 1041
459 1431
1315 1980
142 1481
1796 223
1417 283
1112 1384
332 404
781 1976
375 939
1298 731
1190 469
1046 334
878 1121
1936 1973
124 531
1707 714
256 1472
1197 376
590 229
1321 1780
1232 410
1310 1881
208 583
923 832
1674 903
260 432
284 1794
1448 849
1521 762
400 248
1673 83
1893 712
261 644
959 392
980 885
1745 1248
287 357
401 596
56 879
771 1762
1353 1704
1066 1394
1479 836
345 128
478 1299
1720 938
1117 273
44 1145
1878 1584
1593 346
411 273
265 1003
378 868
202 1312
850 87
482 93
138 1950
1244 957
1617 462
165 1288
36 715
460 1396
270 1831
862 74
290 1763
940 1963
1057 1223
522 151
1470 1572
1576 1115
109 194
58 609
1205 1896
1165 1179
569 1220
1408 1753
1979 824
1874 869
592 1251
1401 103
167 377
1660 552
1649 1048
341 523
1500 1543
1298 1822
516 1918
1859 88
1740 154
401 1012
453 1369
846 442
1939 522
450 1210
1911 1171
805 703
555 1006
1194 1786
441 245
1218 1614
1824 1181
1754 243
988 176
1819 1170
1882 681
1266 1257
529 1818
637 1426
1538 1449
1330 1561
1245 73
1558 940
655 1141
1652 66
202 1913
767 1342
433 443
990 1670
402 608
1557 418
910 952
383 24
226 792
326 232
315 332
284 949
1390 705
358 951
1709 1044
1269 903
989 847
1070 1899
1575 1859
964 70
214 1016
1246 1710
696 262
1559 1099
1449 771
832 326
896 1406
1119 53
1129 302
1206 1430
1613 1006
559 1268
544 1849
1121 561
1853 352
310 41
902 1495
298 503
1604 518
200 1911
476 1774
757 1101
379 801
1305 1298
1235 132
1391 1545
452 757
714 1434
1351 986
1743 1694
1762 1845
1174 1102
990 630
1487 395
574 1040
212 530
1540 1515
1870 630
74 543
867 1411
453 1173
1054 1715
1077 24
743 1076
1637 523
703 1125
1776 1846
1285 1980
283 1921
817 262
1424 1744
1464 967
1760 725
211 1961
384 524
1110 178
855 443
372 1122
1246 1014
261 33
29 1828
1591 1560
1920 1885
1391 1676
70 1459
571 1614
1109 289
172 377
46 603
1005 1468
394 1531
106 1492
1103 169
1067 885
756 1563
1096 1496
761 237
81 405
1918 1680
412 1146
1473 277
1454 234
1696 1813
1941 801
692 322
280 1816
80 218
1421 105
1489 1512
1344 800
1029 1861
531 623
917 1674
970 27
346 1297
1456 1337
524 1544
1670 1801
896 1691
1443 1164
1925 1604
109 312
1267 413
974 1869
105 1906
748 1469
1645 1600
667 1949
743 910
299 964
325 844
471 488
1431 1192
1105 1588
902 1236
1255 133
1734 887
500 915
635 1439
1925 1527
413 1690
397 192
1595 978
348 1492
76 190
214 958
530 599
1523 1725
1880 550
854 1808
967 752
1082 1668
1478 1156
1435 518
1271 1251
1625 1504
1666 674
555 1459
1357 1451
206 1841
1188 1779
1313 812
1706 1964
139 1615
500 1252
986 175
435 1212
585 1259
877 71
1030 856
1986 1548
1321 1343
1677 617
1555 181
1204 522
1594 1064
1283 1907
750 547
714 384
1890 175
516 1780
439 548
646 1732
1293 66
1938 706
1183 1673
1690 163
1547 189
1839 412
1122 1687
1218 877
1971 195
545 330
802 942
1428 1041
1178 1656
57 971
1946 1262
1664 595
690 772
1664 1660
1979 1527
1247 733
74 1200
1225 1660
1497 1722
1775 1564
1320 636
1999 1669
717 831
1821 416
978 1168
1188 1689
1748 1744
368 1228
1310 1007
973 1613
84 1272
45 1188
159 1061
1101 176
286 1174
593 473
499 941
407 443
1718 476
1237 1371
1642 170
1415 1869
856 1338
1590 1454
1832 137
864 1572
401 151
1627 1385
131 1774
409 810
1458 1440
1513 1819
1263 1337
1489 683
1895 1401
624 1615
1653 588
859 258
231 998
571 1840
715 208
401 136
1660 414
1808 1476
1772 781
1990 1877
529 546
1578 1973
1412 652
781 310
1480 441
1434 1276
1358 628
1175 1272
756 816
982 438
1355 255
1896 1824
682 1766
457 951
522 1359
1127 1619
1936 1825
1921 1801
936 1860
293 713
1787 321
1949 1181
739 1357
1828 645
1925 1325
767 1871
696 1423
157 1114
134 1296
1018 537
1870 1963
930 509
1339 468
406 1233
174 987
1795 969
383 1218
608 900
1179 386
79 623
1229 398
1321 181
1527 20
1550 1281
1938 1907
488 358
576 1077
911 95
110 678
735 379
275 386
133 1551
203 1361
944 616
1317 1423
1910 232
733 728
1008 218
1052 1196
189 442
242 1694
307 486
1357 622
1017 666
1026 1442
492 1334
595 1205
619 715
946 569
1654 474
1431 884
794 1733
526 579
472 970
240 1292
609 1730
75 234
971 353
224 1342
1438 760
838 979
1687 1555
1463 382
1192 35
92 542
932 947
1727 871
1857 1402
1752 27
1388 1208
1380 1099
1188 1383
1356 1678
935 1506
1954 1416
1507 265
349 792
408 129
523 207
1444 384
231 1364
1954 1642
1061 78
1616 950
1485 1619
644 53
1917 432
1691 120
955 403
1453 496
1079 90
1560 1345
415 355
586 768
73 339
384 887
1804 1652
261 159
1809 166
1757 1522
107 1439
370 486
1351 278
1710 458
1513 328
1629 532
1690 1961
857 999
1894 310
1646 439
174 331
1923 1196
1285 560
278 741
559 33
1390 1102
1895 471
1649 1875
433 956
1318 220
551 1369
1680 1622
442 1438
1777 826
1654 938
892 1465
662 1877
440 969
169 795
1788 1099
1392 418
71 499
290 1571
1822 638
331 917
672 1576
322 1264
359 1987
1837 887
1316 1482
754 377
1512 1078
1955 350
553 351
868 1185
302 1276
1281 249
1801 72
1711 447
1937 963
358 470
234 1783
1429 146
1730 538
1055 1318
317 509
302 990
467 464
520 1788
963 1767
1668 449
1462 1982
931 344
1583 280
494 702
1384 385
1278 1218
312 908
1098 703
597 1689
511 1993
1430 1612
315 262
1530 66
1699 21
1382 926
1632 80
768 1945
1247 1043
1084 1130
1731 1588
1488 284
1649 1420
1781 1612
288 1640
758 1624
1253 1072
762 64
858 764
1499 1325
1898 961
810 602
689 1777
389 1518
529 726
488 285
1376 1253
1249 650
720 531
1844 1969
1752 181
704 1405
1019 513
1121 1260
1468 1399
1923 912
1562 1904
720 1191
1106 567
1274 411
1111 330
530 558
913 257
1871 458
992 496
1877 1798
672 104
330 1182
1565 1767
741 1030
1995 1596
410 1980
942 1613
1534 1951
628 1638
186 269
278 800
525 150
1025 533
235 1873
57 1637
1988 1201
794 258
686 705
1094 1602
49 1496
1836 151
626 757
1762 1055
268 346
1029 568
947 84
341 1816
1707 685
826 1720
254 1441
680 142
659 1710
147 854
259 199
1393 1221
782 689
932 230
915 166
437 1915
577 142
1417 1500
489 388
880 910
1984 1181
1623 807
1643 486
1598 1685
1561 287
1329 227
1351 1311
635 171
621 1322
1546 674
1581 1302
1441 1520
671 389
308 157
442 369
1417 1663
1715 1869
544 643
1765 1023
972 1780
633 211
164 707
313 1353
315 630
155 256
1351 245
1617 28
341 1179
183 1366
1808 1143
1608 297
1024 810
1602 942
1232 530
1346 1680
1511 271
286 98
76 965
1018 1712
322 1498
1804 1626
798 1986
568 110
898 1443
242 72
171 1532
1939 1816
1390 277
1944 1655
1601 1825
1050 1314
1230 1830
758 114
1639 1428
1645 696
1223 1228
986 1545
1762 1825
767 113
178 433
1657 443
1133 960
1003 167
1784 818
1505 1303
1568 217
557 1796
963 1451
198 440
1743 594
1064 1351
55 1932
1512 1306
1243 666
1926 161
1933 1915
1905 268
1809 1580
1690 525
1286 1391
554 543
1825 1688
887 1532
1223 125
181 1402
1438 1288
102 53
1675 1550
1874 1202
1232 1204
578 1944
596 1519
87 383
400 1001
662 1009
1843 1412
1385 138
1349 857
136 382
1760 261
1708 1355
583 1323
1819 41
588 1974
189 1222
916 1470
1583 1471
1877 137
172 1751
379 220
1510 637
1720 187
412 808
1870 27
381 535
716 324
495 100
1351 425
1190 1572
1063 896
1958 1607
1599 1257
775 1389
1402 1750
1441 932
84 711
658 754
859 1870
1759 210
1815 732
1783 854
759 245
1575 1936
1225 740
1982 632
1200 1733
837 1939
1122 1101
23 1199
42 724
816 430
928 541
1921 353
1209 1181
108 290
1654 121
1547 235
1639 186
1788 1468
342 466
93 697
117 653
909 194
1876 1250
935 216
1329 1825
81 1108
1595 1610
694 491
1581 287
1345 693
411 1422
1740 1275
139 1909
1675 644
1627 143
1296 578
621 667
412 1506
474 267
970 1089
1934 1571
1532 243
531 1695
1742 1232
79 1280
1576 339
1480 691
965 890
1850 644
1983 1155
735 1059
116 1358
1549 640
994 1735
262 850
1150 314
1149 1885
636 715
820 920
459 855
651 1816
505 245
909 244
1564 659
95 200
99 1516
1380 1587
720 437
616 624
317 1616
698 1985
907 1590
1631 1240
1693 153
1255 1405
850 1899
352 1719
353 575
1463 1247
1229 1272
1057 1540
791 1123
1464 1004
1685 1927
1006 1757
1675 973
1163 912
939 1415
462 48
375 1663
1590 918
1734 1474
1613 1758
1533 1230
1258 1117
1019 361
326 1095
271 1880
1463 78
1721 1372
646 959
259 75
940 1286
818 1040
49 1365
752 110
912 1102
421 830
72 1793
1888 1459
1948 1737
1053 204
1771 33
757 1258
1218 1388
176 1839
693 1004
242 268
1237 384
1057 1113
501 124
121 275
1649 862
514 970
1801 976
1007 743
578 536
1863 808
84 752
1119 125
1687 880
1837 653
1091 1067
1495 1545
1139 1913
1654 1586
1393 1558
180 1065
733 782
1799 28
706 464
798 815
1115 1297
1630 1055
737 98
1750 404
63 562
1111 1419
146 826
723 877
1131 562
1313 1441
586 936
809 1600
1023 904
1128 129
1736 1185
316 284
1039 31
1593 1447
1460 192
639 475
333 597
1103 355
290 1077
974 1115
58 1670
183 775
454 1125
1875 363
1243 344
30 276
313 699
1991 1110
1614 578
1177 1712
1802 133
624 1751
1800 264
1733 859
1402 646
155 1910

627
892
540
949
608
200
487
474
388
679
449
877
666
456
323
280
565
557
483
975
604
520
643
429
564
406
561
865
274
232
553
515
376
899
212
220
996
607
504
329
710
878
384
425
854
600
530
886
754
953
347
393
624
765
320
702
903
373
788
523
666
856
316
533
732
702
739
602
297
371
418
874
295
752
420
200
589
803
975
729
214
715
781
256
456
914
540
912
482
754
229
836
958
669
414
898
828
956
654
674
729
407
865
662
563
536
608
881
588
960
928
856
836
397
244
802
760
247
292
919
701
312
630
219
367
626
993
360
397
618
259
892
493
410
305
368
941
299
565
447
984
534
249
300
900
455
785
894
294
775
841
939
908
605
608
454
659
511
338
536
354
592
701
356
409
773
881
669
432
289
487
514
294
808
676
262
954
327
279
232
824
843
696
345
494
755
570
802
634
846
391
308
496
296
668
499
366
787
561
407
663
441
442
375
663
349
395
410
620
385
435
587
250
472
468
291
973
629
443
471
965
672
575
552
203
496
994
742
719
800
334
938
996
692
259
749
273
414
483
604
915
969
947
867
436
828
562
841
830
822
567
674
364
486
821
273
217
939
451
363
872
601
771
331
276
301
589
340
372
464
673
630
401
251
265
412
261
313
300
609
983
369
959
539
261
639
252
778
252
400
563
517
455
747
848
845
301
590
226
542
609
699
432
644
908
943
931
412
846
513
205
256
410
314
639
941
554
793
638
798
740
542
437
770
301
681
539
390
989
357
793
233
924
335
222
876
589
671
328
300
340
473
917
957
912
668
715
328
889
775
746
413
471
475
675
616
693
392
214
482
450
764
646
444
357
620
838
978
720
924
340
277
730
931
256
780
587
828
327
570
252
620
221
558
897
256
306
997
358
882
204
872
924
845
785
622
343
710
403
951
710
227
356
376
684
232
954
862
368
604
466
803
747
766
436
521
975
859
824
762
299
705
905
887
573
426
808
682
529
242
364
420
693
738
761
214
350
406
750
575
763
560
448
916
614
809
795
299
488
777
734
540
557
603
228
745
503
629
410
738
940
571
427
515
793
845
319
995
684
712
732
686
266
843
809
247
438
927
932
650
227
517
939
245
527
738
547
737
749
511
581
595
942
658
245
961
901
226
547
295
352
341
877
777
909
605
863
429
941
807
943
732
422
927
643
907
578
229
405
918
709
391
834
433
504
334
745
231
894
547
468
381
395
752
329
330
319
332
532
861
694
451
971
698
947
368
298
631
701
294
594
772
759
713
745
204
959
943
373
422
494
570
565
348
940
782
368
951
362
548
664
572
502
396
336
396
781
558
557
984
901
757
843
963
220
214
508
204
488
455
726
928
430
352
711
220
293
431
492
386
246
694
857
965
349
869
887
374
539
609
332
245
210
988
562
752
713
507
789
539
679
412
744
298
631
410
309
768
479
295
652
584
779
474
349
704
424
213
390
447
902
843
243
947
488
524
955
232
869
718
568
250
409
200
634
723
580
994
647
660
892
895
284
264
950
842
704
610
485
856
820
700
592
806
949
431
962
962
851
347
336
684
451
890
331
637
640
714
698
341
385
292
209
762
471
671
575
305
311
634
362
334
975
326
216
846
267
553
493
367
561
595
458
899
596
683
843
754
958
846
786
712
419
747
536
454
525
311
541
895
234
986
373
936
876
757
988
818
636
449
410
746
679
701
444
829
831
630
504
920
317
574
238
440
907
898
476
421
954
404
487
316
581
802
789
862
623
216
667
413
534
890
938
978
944
514
231
737
315
290
439
508
539
375
484
564
727
698
859
478
710
905
451
522
693
784
515
987
689
201
839
392
874
763
368
821
274
834
863
788
763
385
641
552
296
594
629
935
773
957
891
923
618
417
910
225
246
533
812
963
740
573
461
662
814
868
575
650
720
483
760
570
208
903
253
243
331
446
314
322
254
427
396
248
439
736
905
432
931
994
633
306
775
293
747
886
488
511
337
756
957
753
642
287
537
246
889
668
920
219
415
785
990
814
584
666
689
224
957
785
630
455
749
917
529
699
287
398
557
883
434
362
324
699
581
975
213
380
390
762
214
384
780
203
700
582
496
386
860
544
206
358
438
945
315
816
407
315
827
242
311
655
279
336
995
745
558
589
373
834
667
999
480
251
293
958
715
840
928
549
408
677
439
976
247
841
741
347
761
954
503
440
916
982
881
926
956
579
898
460
962
505
812
876
659
686
270
672
396
734
759
394
448
492
639
365
977
770
646
729
213
799
869
309
732
779
493
315
465
656
709
635
582
211
930
548
612
928
283
468
263
549
591
582
884
622
900
952
985
755
314
485
872
318
633
880
700
628
410
419
428
872
669
357
737
223
245
599
236
811
361
682
347
590
505
483
719
449
508
841
227
474
708
884
525
227
903
885
206
738
721
669
410
843
530
743
287
535
258
805
783
254
502
663
656
335
381
950
292
995
650
634
216
635
847
256
854
783
809
293
797
336
384
776
505
536
411
463
262
560
979
794
374
706
734
947
460
990
478
375
253
959
691
990
375
482
223
359
611
474
486
400
902
621
495
625
264
537
509
569
444
600
955
286
616
815
561
540
254
763
433
717
896
293
955
456
279
775
736
812
946
493
591
872
732
247
538
618
791
805
362
385
967
964
829
490
782
262
241
475
411
485
740
504
373
437
579
552
333
894
413
537
885
713
828
800
969
867
882
358
293
667
689
694
908
630
493
867
266
668
923
586
784
854
790
647
513
955
990
756
368
378
863
853
402
731
692
461
249
319
381
326
963
257
952
506
285
811
235
602
834
627
766
920
355
556
640
409
296
780
222
546
708
641
296
438
412
297
385
996
553
661
333
966
825
599
406
543
565
786
500
487
915
567
637
693
401
313
213
606
251
473
875
695
424
981
606
654
703
785
505
363
702
383
711
378
849
694
375
236
269
694
833
614
988
940
679
612
399
686
699
511
299
821
202
737
490
868
671
897
518
233
305
594
519
802
960
782
525
658
213
304
902
935
372
590
920
810
296
522
390
607
415
659
297
476
335
222
842
289
541
956
377
691
820
582
418
984
396
929
357
726
753
571
359
606
927
381
784
523
437
548
231
586
706
396
595
603
685
857
655
231
834
217
487
789
823
694
544
752
928
651
888
869
982
282
381
791
572
365
740
443
556
641
499
339
932
223
852
984
496
794
749
528
806
576
792
695
852
219
764
483
789
216
733
626
323
624
276
612
271
477
813
366
641
650
505
361
891
994
570
627
353
213
702
645
767
961
660
329
733
749
794
468
744
966
329
546
847
450
285
801
953
874
417
834
506
727
769
393
955
984
231
381
246
662
251
860
775
450
521
357
648
614
971
808
796
399
505
753
926
723
434
622
912
763
958
892
472
406
351
291
653
754
345
591
534
741
876
686
319
233
386
653
844
347
405
961
722
732
454
781
586
361
424
896
773
996
526
470
396
710
800
531
901
965
337
221
625
702
337
517
243
452
645
970
338
645
727
331
555
958
465
859
390
927
637
902
930
663
720
855
722
772
976
331
776
559
551
315
350
759
843
501
934
847
670
859
802
215
790
490
410
475
253
704
597
947
359
239
304
421
755
531
599
437
872
838
855
588
391
991
738
929
781
730
956
664
959
593
440
551
474
862
609
937
854
489
362
464
454
627
305
720
411
856
902
447
870
959
906
716
953
701
399
489
215
944
568
977
344
388
215
801
247
316
739
635
789
986
680
925
836
657
721
519
877
248
314
859
849
855
358
200
777
336
738
414
978
732
556
549
304
764
807
265
733
948
920
803
266
371
981
520
226
491
693
295
315
826
878
726
970
761
864
539
702
694
986
222
607
313
393
456
919
220
557
767
730
648
322
371
393
888
578
215
504
794
596
961
512
799
456
248
594
835
631
416
225
458
683
735
244
956
330
932
347
293
545
246
600
298
692
583
962
656
312
259
305
251
415
693
331
938
603
868
211
370
524
476
342
704
542
851
243
642
957
749
711
229
988
401
543
313
556
850
281
625
459
810
999
835
917
312
562
336
598
709
330
754
659
555
380
586
469
386
691
684
895
962
993
583
893
266
498
873
838
663
934
282
968
633
960
643
942
451
220
619
986
215
665
767
220
667
590
617
970
209
345
642
220
474
409
438
490
887
348
437
848
616
820
462
611
611
547
988
797
904
808
653
587
364
809
762
659
554
666
229
728
837
201
639
343
875
328
546
437
994
874
721
382
339
285
604
463
345
771
311
478
946
283
950
647
474
684
243
505
518
943
772
558
392
416
959
442
903
453
974
492
566
583
656
573
243
573
778
761
812
631
499
370
959
206
293
408
468
318
625
896
519
225
571
311
562
266
596
260
694
499
450
686
735
823
469
203
926
602
375
689
511
882
916
689
875
620
515
873
678
386
550
403
944
975
251
214
222
998
346
801
658
706
668
977
350
982
666
612
387
817
856
595
559
464
768
329
757
635
372
966
868
478
261
550
821
776
430
284
691
319
667
241
392
933
364
476
374
461
848
244
660
809
820
952
919
779
876
722
279
630
491