500
(7, 250)
(105, 436)
(173, 358)
(113, 151)
(477, 452)
(474, 141)
(323, 206)
(394, 453)
(407, 490)
(429, 388)
(360, 448)
(345, 428)
(151, 329)
(357, 438)
(285, 441)
(112, 330)
(107, 223)
(362, 109)
(360, 254)
(310, 82)
(191, 25)
(269, 94)
(308, 336)
(169, 321)
(78, 89)
(287, 241)
(223, 406)
(383, 344)
(178, 114)
(278, 427)
(295, 369)
(92, 89)
(468, 442)
(177, 70)
(444, 118)
(493, 466)
(488, 433)
(301, 393)
(167, 348)
(168, 421)
(329, 89)
(63, 287)
(44, 264)
(337, 137)
(305, 363)
(399, 481)
(95, 460)
(71, 476)
(152, 427)
(243, 144)
(458, 185)
(134, 158)
(488, 41)
(349, 75)
(304, 340)
(249, 163)
(46, 363)
(54, 354)
(447, 359)
(355, 116)
(352, 301)
(270, 442)
(79, 61)
(370, 233)
(469, 363)
(291, 154)
(399, 494)
(197, 194)
(44, 15)
(40, 55)
(60, 42)
(424, 150)
(261, 231)
(375, 64)
(413, 79)
(338, 215)
(391, 218)
(221, 51)
(442, 320)
(481, 9)
(486, 54)
(43, 408)
(414, 275)
(194, 293)
(181, 435)
(404, 442)
(326, 149)
(449, 421)
(95, 472)
(211, 355)
(96, 324)
(287, 387)
(112, 110)
(21, 274)
(474, 376)
(183, 491)
(476, 42)
(123, 134)
(86, 435)
(278, 164)
(348, 335)
(328, 241)
(232, 304)
(254, 295)
(349, 325)
(116, 268)
(177, 476)
(93, 286)
(439, 393)
(310, 356)
(420, 492)
(155, 157)
(248, 328)
(338, 310)
(245, 379)
(496, 232)
(370, 169)
(157, 334)
(120, 11)
(482, 38)
(134, 70)
(400, 73)
(23, 233)
(410, 450)
(398, 86)
(321, 204)
(235, 165)
(355, 87)
(301, 50)
(240, 149)
(148, 262)
(252, 385)
(385, 92)
(18, 457)
(177, 411)
(278, 313)
(58, 494)
(213, 40)
(350, 470)
(63, 433)
(338, 218)
(22, 494)
(144, 54)
(265, 497)
(221, 143)
(254, 204)
(335, 94)
(205, 431)
(392, 288)
(325, 173)
(421, 216)
(471, 265)
(187, 112)
(279, 300)
(359, 459)
(440, 181)
(436, 315)
(199, 387)
(451, 25)
(419, 460)
(194, 373)
(318, 331)
(392, 457)
(27, 260)
(66, 462)
(263, 340)
(379, 216)
(312, 262)
(306, 152)
(281, 289)
(245, 421)
(121, 239)
(205, 223)
(197, 66)
(375, 7)
(382, 79)
(48, 74)
(432, 233)
(322, 171)
(318, 189)
(41, 61)
(159, 13)
(384, 233)
(300, 220)
(432, 428)
(183, 485)
(461, 497)
(474, 126)
(194, 44)
(213, 171)
(118, 362)
(91, 399)
(376, 272)
(85, 189)
(454, 94)
(185, 84)
(312, 447)
(193, 355)
(110, 485)
(5, 89)
(380, 175)
(112, 246)
(419, 294)
(392, 326)
(208, 300)
(92, 196)
(460, 321)
(67, 99)
(433, 487)
(464, 220)
(90, 30)
(55, 186)
(236, 394)
(50, 104)
(177, 145)
(473, 156)
(474, 18)
(341, 314)
(449, 155)
(390, 32)
(335, 284)
(28, 436)
(336, 53)
(341, 391)
(286, 242)
(366, 104)
(473, 217)
(450, 84)
(216, 355)
(265, 382)
(202, 476)
(158, 91)
(34, 400)
(314, 180)
(292, 36)
(240, 168)
(283, 237)
(25, 359)
(486, 315)
(422, 257)
(71, 261)
(485, 91)
(108, 149)
(66, 486)
(490, 331)
(19, 201)
(11, 287)
(499, 103)
(441, 199)
(20, 39)
(443, 380)
(302, 247)
(451, 461)
(476, 8)
(284, 404)
(497, 268)
(208, 116)
(271, 273)
(434, 408)
(334, 328)
(89, 413)
(363, 266)
(275, 125)
(356, 207)
(145, 321)
(305, 372)
(492, 211)
(382, 209)
(65, 275)
(173, 371)
(11, 498)
(444, 56)
(336, 169)
(78, 210)
(472, 69)
(367, 105)
(23, 475)
(261, 316)
(337, 78)
(227, 356)
(423, 366)
(217, 217)
(140, 228)
(250, 455)
(349, 366)
(360, 421)
(76, 417)
(233, 84)
(146, 98)
(94, 308)
(178, 103)
(40, 211)
(70, 482)
(499, 360)
(157, 81)
(112, 197)
(392, 97)
(342, 108)
(481, 371)
(278, 490)
(19, 168)
(215, 356)
(204, 384)
(410, 32)
(293, 39)
(223, 367)
(320, 203)
(53, 165)
(271, 457)
(117, 333)
(262, 110)
(132, 189)
(486, 392)
(20, 376)
(144, 388)
(498, 325)
(359, 165)
(182, 358)
(231, 253)
(374, 96)
(108, 323)
(293, 441)
(126, 229)
(12, 368)
(58, 5)
(414, 473)
(149, 13)
(477, 394)
(119, 404)
(31, 382)
(185, 118)
(23, 196)
(340, 439)
(425, 302)
(431, 52)
(415, 17)
(20, 133)
(337, 461)
(422, 39)
(302, 178)
(120, 291)
(311, 288)
(106, 282)
(66, 79)
(465, 443)
(179, 276)
(320, 161)
(343, 318)
(247, 42)
(256, 303)
(35, 301)
(84, 195)
(417, 311)
(27, 344)
(150, 81)
(68, 142)
(448, 111)
(323, 265)
(341, 139)
(164, 115)
(295, 153)
(61, 161)
(404, 265)
(441, 458)
(42, 497)
(457, 367)
(121, 434)
(250, 41)
(256, 294)
(214, 245)
(331, 199)
(441, 164)
(167, 129)
(260, 485)
(207, 419)
(370, 348)
(304, 57)
(121, 323)
(401, 47)
(470, 333)
(176, 415)
(31, 240)
(252, 372)
(104, 177)
(12, 227)
(351, 235)
(174, 401)
(378, 206)
(78, 144)
(161, 121)
(339, 38)
(333, 208)
(187, 101)
(142, 180)
(237, 191)
(379, 60)
(392, 400)
(106, 323)
(382, 448)
(31, 423)
(478, 482)
(411, 423)
(75, 436)
(271, 484)
(80, 171)
(18, 387)
(156, 73)
(272, 375)
(27, 49)
(175, 233)
(415, 245)
(453, 457)
(128, 411)
(388, 402)
(121, 198)
(340, 288)
(424, 454)
(123, 46)
(268, 448)
(362, 374)
(215, 269)
(442, 82)
(84, 290)
(389, 295)
(459, 28)
(421, 274)
(383, 365)
(393, 463)
(148, 372)
(439, 328)
(223, 122)
(50, 432)
(195, 390)
(418, 14)
(415, 106)
(407, 345)
(214, 259)
(386, 231)
(136, 225)
(86, 101)
(389, 251)
(164, 21)
(31, 372)
(134, 438)
(485, 318)
(418, 208)
(137, 461)
(203, 292)
(73, 85)
(158, 9)
(262, 245)
(278, 435)
(126, 444)
(470, 361)
(352, 361)
(219, 383)
(26, 111)
(184, 305)
(52, 149)
(349, 322)
(29, 355)
(492, 458)
(162, 155)
(172, 54)
(200, 346)
(493, 494)
(228, 49)
(149, 69)
(414, 59)
(363, 482)
(35, 373)
(136, 137)
(474, 360)
(390, 185)
(202, 494)
(327, 190)
(245, 396)
(197, 418)
(369, 356)
(168, 289)
(40, 128)
(180, 413)
(216, 387)
(191, 472)
(52, 41)
(166, 301)
(323, 157)
(421, 220)
(327, 131)
(262, 231)
(436, 220)
(443, 162)
(294, 232)
(193, 183)
(77, 36)
(485, 216)
(337, 372)
(175, 240)
(36, 126)
(37, 72)

55
137
109
138
66
131
76
85
150
80
199
215
103
182
235
151
230
62
151
171
243
75
242
175
91
199
177
66
94
141
96
146
107
231
214
112
77
150
90
168
213
239
100
221
96
119
100
179
200
146
218
146
132
232
102
245
101
105
228
93
97
219
212
165
151
150
61
122
141
67
131
168
188
70
111
236
81
158
95
157
143
121
215
94
96
84
178
144
87
211
171
78
192
174
178
101
73
240
176
126
120
54
149
227
196
186
89
108
55
130
228
214
71
78
235
238
155
202
54
214
120
127
91
247
68
204
189
148
242
139
124
213
57
221
105
121
169
230
72
68
55
214
108
91
139
208
123
167
119
139
97
58
199
131
56
192
125
87
117
184
154
103
185
65
132
135
66
201
237
63
99
124
128
202
136
154
87
162
188
221
202
88
143
227
53
230
165
174
118
161
185
227
109
81
131
67
191
78
140
228
121
166
101
226
189
155
111
104
159
210
221
227
179
202
205
143
234
95
123
174
221
89
112
188
215
100
215
212
243
199
174
61
197
145
166
114
105
60
149
193
206
157
79
185
180
217
129
185
65
78
51
222
67
86
199
59
171
105
134
125
224
230
93
222
94
68
138
141
112
243
71
54
129
87
185
127
84
183
144
147
98
112
186
129
228
127
190
211
147
167
130
203
132
58
61
197
176
56
98
53
176
229
248
210
210
215
50
149
170
121
120
243
94
172
162
154
129
231
212
195
176
138
84
239
97
56
77
120
182
142
137
52
121
72
161
210
114
115
157
160
57
81
100
109
85
131
166
92
147
54
162
130
82
249
186
185
193
129
180
185
177
159
177
156
99
108
214
120
53
87
115
146
247
53
168
106
215
189
177
123
127
142
152
89
124
217
231
105
236
67
102
152
202
184
55
182
121
77
123
190
175
195
239
112
109
57
162
63
117
67
233
197
152
176
104
240
102
215
80
248
227
185
226
148
121
195
68
97
240
103
100
98
113
247
222
159
112
62
213
65
73
101
150
178
83
178
216
105
161
232
119
224
90
205
65
174
149
242
83
233
244
231
162
104
170
74
211
68
116
134
144
247
133
197
91
181
199
133
175
71
115
56
130
172
83
203
220
162
91
53
80
202
77
165
144
93
173
138
96
189